58.48974609375
15.513893127441406
15.915287017822266
12.15900707244873
18.939476013183594
16.250871658325195
21.423004150390625
19.491636276245117
24.93813133239746
20.15383529663086
21.962215423583984
23.825349807739258
25.870065689086914
25.858251571655273
22.301029205322266
32.906211853027344
21.05856704711914
32.5257568359375
23.495891571044922
22.34467124938965
14.117883682250977
25.817028045654297
27.735980987548828
14.420408248901367
15.449254035949707
24.524974822998047
28.162384033203125
23.552082061767578
25.91586685180664
26.401996612548828
30.054855346679688
27.64107894897461
28.748807907104492
29.741640090942383
25.605859756469727
22.495532989501953
13.887131690979004
20.866884231567383
18.306730270385742
15.58747673034668
27.41030502319336
26.764406204223633
28.813302993774414
29.989774703979492
30.781173706054688
34.46858596801758
32.5933952331543
30.813928604125977
32.18511199951172
29.411943435668945
30.072208404541016
29.370319366455078
35.3016357421875
22.351177215576172
33.155418395996094
32.06460189819336
45.67279815673828
36.38423156738281
40.35710525512695
45.54031753540039
44.147884368896484
57.2711067199707
49.726585388183594
60.721073150634766
47.32448196411133
31.066455841064453
23.72489356994629
39.250675201416016
40.31593704223633
37.891815185546875
54.912818908691406
70.92759704589844
61.23765563964844
70.70345306396484
69.6598892211914
24.360742568969727
29.50254249572754
25.59168243408203
33.94766616821289
30.480913162231445
26.238889694213867
31.47498893737793
28.928447723388672
33.33803176879883
30.80803680419922
37.34083938598633
48.78312301635742
41.527366638183594
37.01383972167969
35.486820220947266
36.94069290161133
31.256999969482422
45.76206970214844
34.48482894897461
29.440061569213867
19.688596725463867
29.489665985107422
25.60621452331543
31.419679641723633
27.384143829345703
15.080546379089355
28.088367462158203
41.16780090332031
35.777626037597656
35.62495803833008
36.969303131103516
47.043819427490234
62.42554473876953
52.629276275634766
50.467281341552734
125.23113250732422
82.50177764892578
77.04083251953125
97.96011352539062
81.75333404541016
225.43624877929688
228.66490173339844
362.5286865234375
423.9742126464844
309.5789794921875
140.75
200.23313903808594
181.68429565429688
117.36260223388672
64.81885528564453
16.996137619018555
18.07780647277832
16.534936904907227
18.23021125793457
22.3782958984375
22.405973434448242
26.495323181152344
26.225505828857422
23.067333221435547
23.749303817749023
16.351144790649414
24.143312454223633
26.069393157958984
28.177173614501953
19.1152400970459
14.002724647521973
14.108122825622559
17.540470123291016
16.93120002746582
18.114099502563477
16.256629943847656
15.760139465332031
17.92327308654785
21.372692108154297
25.059181213378906
17.169452667236328
18.22907257080078
21.05094337463379
18.308292388916016
33.556549072265625
17.713890075683594
24.916065216064453
25.611305236816406
23.47940444946289
30.423084259033203
17.583044052124023
19.069820404052734
17.78158950805664
19.03843879699707
21.88255500793457
21.578983306884766
25.587631225585938
22.804800033569336
32.93770980834961
36.538082122802734
22.682863235473633
20.089004516601562
20.157285690307617
20.62416648864746
20.57379722595215
16.179229736328125
17.683395385742188
16.34255599975586
21.08596420288086
20.88323974609375
29.055086135864258
46.149837493896484
30.692033767700195
25.540145874023438
47.94633483886719
24.39472007751465
28.387243270874023
29.960437774658203
29.394824981689453
24.45246124267578
43.955074310302734
25.504785537719727
31.267419815063477
35.772865295410156
35.65937423706055
36.81831359863281
42.03801345825195
35.44614028930664
35.703609466552734
38.38889694213867
13.698465347290039
16.50852394104004
14.971525192260742
15.39741325378418
20.93746566772461
14.590241432189941
15.47103500366211
17.42466926574707
17.889196395874023
19.327953338623047
22.87712860107422
22.88064193725586
21.306896209716797
24.891286849975586
24.976797103881836
13.575864791870117
14.397425651550293
16.93447494506836
22.548952102661133
32.93977355957031
21.077877044677734
18.676759719848633
16.864809036254883
17.939197540283203
24.309307098388672
16.198177337646484
17.55507469177246
20.408395767211914
24.90270233154297
26.971961975097656
23.021364212036133
21.778589248657227
29.90988540649414
27.094459533691406
28.715282440185547
20.898340225219727
20.43861961364746
29.540210723876953
23.323101043701172
26.264163970947266
23.720029830932617
28.914072036743164
36.71763610839844
29.695032119750977
33.34921646118164
25.306655883789062
25.572725296020508
38.769378662109375
38.661197662353516
38.0004768371582
29.27144432067871
35.213809967041016
34.76812744140625
22.43855094909668
22.896739959716797
25.96049690246582
30.59008026123047
19.945125579833984
29.10744857788086
23.137821197509766
20.456512451171875
35.257713317871094
43.306602478027344
28.78775978088379
26.687803268432617
23.55986213684082
24.11937141418457
28.747541427612305
24.602638244628906
26.309030532836914
24.77016830444336
21.023712158203125
27.584278106689453
17.92380714416504
21.095069885253906
18.189189910888672
26.724872589111328
40.44624710083008
36.46713638305664
30.07716941833496
20.6296443939209
32.40394973754883
26.87550163269043
18.823898315429688
33.85794448852539
35.52971649169922
39.47590255737305
23.422197341918945
32.53336715698242
37.6203498840332
20.930192947387695
18.708322525024414
22.052457809448242
21.24695587158203
68.79916381835938
19.283557891845703
16.74777603149414
18.849308013916016
29.876596450805664
27.624088287353516
37.166141510009766
41.40393829345703
29.38121795654297
29.400388717651367
44.85162353515625
31.382307052612305
20.529619216918945
36.91456985473633
19.773895263671875
41.77049255371094
32.70912170410156
35.180763244628906
35.282772064208984
38.30412673950195
36.18543243408203
18.53073501586914
33.23393630981445
19.495773315429688
29.7233943939209
36.87759017944336
24.574892044067383
29.348690032958984
28.317672729492188
31.792022705078125
28.975746154785156
57.48130798339844
58.136085510253906
58.758583068847656
61.81414031982422
61.177330017089844
60.864070892333984
54.67724609375
57.8542366027832
55.18342208862305
56.74167251586914
58.01454544067383
63.100196838378906
61.14667892456055
62.297916412353516
62.137237548828125
60.054100036621094
59.524505615234375
60.86215591430664
61.10158920288086
61.70341491699219
62.9654541015625
64.47003936767578
70.75016021728516
66.78681182861328
62.35331344604492
26.23212242126465
34.116310119628906
30.08795738220215
30.22049903869629
29.2645206451416
26.18709373474121
36.79402542114258
39.41328811645508
60.440521240234375
32.15917205810547
18.84107780456543
25.964113235473633
24.125537872314453
35.14619827270508
34.0261116027832
26.932769775390625
28.36838150024414
52.34120559692383
53.97293472290039
47.118656158447266
26.62230110168457
42.707557678222656
37.155818939208984
40.71815490722656
36.61875915527344
17.267471313476562
22.992916107177734
31.347803115844727
39.365272521972656
33.147823333740234
28.292573928833008
74.1274642944336
61.953834533691406
43.50126266479492
34.56174850463867
30.794803619384766
49.318321228027344
53.540069580078125
52.818321228027344
48.628204345703125
28.625076293945312
42.1055793762207
45.10771179199219
37.11543655395508
51.328834533691406
31.644393920898438
34.94537353515625
39.98707962036133
41.37125778198242
47.255706787109375
19.518068313598633
19.258968353271484
21.201601028442383
22.782251358032227
25.912660598754883
22.449813842773438
21.09628677368164
33.78495788574219
23.86313247680664
30.41407585144043
22.396738052368164
21.109086990356445
29.292814254760742
24.598709106445312
23.00548553466797
23.35108757019043
22.373432159423828
26.16682243347168
36.29184341430664
24.104673385620117
45.152557373046875
50.75060272216797
35.66524124145508
33.714786529541016
37.55442810058594
24.742916107177734
23.474048614501953
37.462158203125
26.10137367248535
33.40116882324219
28.182125091552734
26.829425811767578
31.29787254333496
43.49393081665039
37.2786865234375
51.15335464477539
38.302528381347656
52.53233337402344
39.96903991699219
56.76594543457031
27.170812606811523
39.59092330932617
36.12609100341797
38.51140594482422
42.290618896484375
24.48943328857422
30.470500946044922
32.884220123291016
31.503887176513672
35.763938903808594
27.11774444580078
31.269983291625977
32.45668029785156
32.60677719116211
30.144983291625977
21.11391830444336
17.91239356994629
19.374408721923828
32.41041564941406
31.57183074951172
24.723739624023438
21.20525550842285
24.51810073852539
30.027801513671875
23.731531143188477
22.75696563720703
33.66607666015625
28.21847915649414
34.7641487121582
24.20621109008789
22.033885955810547
30.091571807861328
26.103700637817383
25.24066162109375
35.43733596801758
17.19081687927246
22.842323303222656
19.130468368530273
16.968334197998047
20.444194793701172
25.555805206298828
36.728729248046875
68.85630798339844
31.578733444213867
82.98680877685547
29.66017723083496
51.5417594909668
55.07598114013672
46.21131896972656
49.058876037597656
31.257863998413086
36.8197021484375
37.12922668457031
35.47581481933594
42.143280029296875
30.947973251342773
35.4643669128418
49.3741340637207
48.04537582397461
54.59290313720703
14.906174659729004
21.528079986572266
19.390230178833008
23.969356536865234
21.922597885131836
15.663269996643066
20.96478843688965
20.43927764892578
21.71943473815918
25.934341430664062
17.50470542907715
22.707622528076172
26.686607360839844
29.438335418701172
24.990203857421875
27.20862579345703
26.775787353515625
28.106903076171875
23.259456634521484
25.213638305664062
27.107873916625977
35.9337158203125
29.026033401489258
29.968503952026367
26.503948211669922
16.017122268676758
17.32798957824707
18.51435089111328
18.594385147094727
16.631649017333984
33.973697662353516
32.28227615356445
37.86181640625
34.81792449951172
45.154571533203125
25.854522705078125
30.610807418823242
31.309043884277344
30.21533966064453
25.234819412231445
18.06722068786621
20.186872482299805
22.33184242248535
19.060178756713867
22.2077693939209
20.99441909790039
24.235448837280273
23.69443130493164
30.819189071655273
25.88636016845703
17.043838500976562
21.275236129760742
21.16752815246582
21.59206199645996
19.375591278076172
23.720584869384766
25.449831008911133
22.078683853149414
24.490320205688477
31.62347984313965
19.299362182617188
18.61825180053711
26.901477813720703
28.377607345581055
29.365880966186523
26.50406837463379
29.195974349975586
24.803564071655273
32.78150939941406
37.40824890136719
28.17805290222168
33.9345817565918
42.67317581176758
66.62913513183594
31.164289474487305
69.62382507324219
77.87748718261719
75.95630645751953
74.2553939819336
77.1355209350586
27.857093811035156
25.815814971923828
26.787860870361328
27.35403060913086
28.244150161743164
87.37774658203125
99.69581604003906
96.95832061767578
97.34513854980469
94.84158325195312
45.08751678466797
29.363983154296875
30.2418270111084
30.09307098388672
31.70927619934082
20.315555572509766
20.13628578186035
37.25145721435547
25.82474708557129
31.556943893432617
23.828617095947266
25.297161102294922
30.42075538635254
29.37574005126953
28.117137908935547
62.528472900390625
30.545063018798828
237.51541137695312
294.73248291015625
352.6683654785156
31.802871704101562
35.74622344970703
37.77649688720703
37.899044036865234
35.19666290283203
32.05270767211914
35.8899040222168
37.75893020629883
41.77201461791992
41.334205627441406
31.31508445739746
52.66741180419922
57.605934143066406
137.91639709472656
67.88052368164062
21.042692184448242
23.4016170501709
30.590845108032227
30.446426391601562
36.317378997802734
17.24643898010254
19.172426223754883
20.655912399291992
19.05698013305664
22.472387313842773
13.37059497833252
15.844937324523926
17.02486801147461
15.522235870361328
19.72453498840332
18.384305953979492
20.043865203857422
23.941553115844727
23.09821891784668
19.82119369506836
37.188568115234375
27.694795608520508
28.799100875854492
25.617406845092773
27.0472354888916
18.241199493408203
21.3365535736084
22.845766067504883
39.4180793762207
26.51940155029297
28.745065689086914
26.549875259399414
29.801647186279297
28.751728057861328
25.268413543701172
32.5003547668457
28.74468994140625
31.595617294311523
37.6885986328125
53.984310150146484
40.88115692138672
39.73197555541992
37.971641540527344
32.41645050048828
36.09962463378906
28.350727081298828
34.20598602294922
38.77627182006836
30.882999420166016
36.35597229003906
27.4525146484375
30.426834106445312
40.973976135253906
37.04059600830078
40.11174774169922
27.85727882385254
31.059412002563477
29.544452667236328
33.81349563598633
33.75150680541992
30.58078956604004
33.80903625488281
36.67543029785156
31.4034423828125
36.84640884399414
29.135005950927734
33.879295349121094
33.025875091552734
36.922237396240234
35.056190490722656
22.051937103271484
26.0313777923584
29.170835494995117
30.477476119995117
35.76803207397461
26.9909725189209
34.61151123046875
33.672271728515625
28.535974502563477
35.448455810546875
21.722013473510742
22.132505416870117
33.065818786621094
37.957828521728516
31.491098403930664
35.49024963378906
37.732398986816406
42.276180267333984
35.654205322265625
44.1851806640625
39.059783935546875
35.18545150756836
43.25218963623047
39.059783935546875
0
51.5147705078125
0
39.35814666748047
30.774150848388672
40.42285919189453
59.2923583984375
47.05107498168945
13.060447692871094
27.45008087158203
24.96133041381836
30.816368103027344
35.3449592590332
28.16407585144043
25.93393898010254
32.86433410644531
28.16407585144043
0
34.92902755737305
30.970802307128906
28.62405776977539
36.844482421875
30.970802307128906
0
38.90665054321289
0
14.930795669555664
15.488067626953125
19.22328758239746
26.917633056640625
19.850521087646484
17.781715393066406
18.489107131958008
19.09563446044922
22.42693328857422
21.939571380615234
25.441089630126953
27.878860473632812
29.690650939941406
37.246952056884766
32.67909622192383
36.10499572753906
38.086246490478516
47.10569381713867
38.608211517333984
52.0532112121582
26.989953994750977
31.323978424072266
30.145959854125977
41.44310760498047
34.58843231201172
24.885257720947266
29.254684448242188
31.885725021362305
31.000375747680664
33.709754943847656
30.275480270385742
28.475730895996094
33.45433044433594
40.133785247802734
32.005592346191406
66.23125457763672
38.482357025146484
74.75140380859375
50.935874938964844
68.4848861694336
31.45945167541504
33.0064697265625
28.2168025970459
33.721946716308594
41.51420211791992
52.34349060058594
46.52530288696289
61.539276123046875
59.221492767333984
56.06010437011719
34.21556091308594
29.567163467407227
33.29868698120117
35.20619583129883
45.75431442260742
33.69381332397461
34.139461517333984
39.96236038208008
42.38445281982422
51.851829528808594
70.4806137084961
65.00909423828125
64.9929428100586
91.65933227539062
53.51841354370117
68.6827392578125
62.33627700805664
40.417266845703125
61.9271354675293
63.57657241821289
76.7020263671875
65.91131591796875
42.517250061035156
69.31096649169922
53.19865417480469
78.08888244628906
42.31293487548828
55.41998291015625
67.47152709960938
72.01229858398438
78.51081848144531
31.06829261779785
41.474788665771484
44.6888542175293
65.40827941894531
20.73902130126953
44.45060348510742
37.49454116821289
67.69779205322266
65.57103729248047
19.048622131347656
21.081510543823242
22.32206916809082
26.09557342529297
30.285371780395508
19.578140258789062
50.511627197265625
60.029537200927734
56.92888641357422
64.46739959716797
18.386844635009766
29.58745765686035
35.863739013671875
32.65670394897461
54.13898468017578
14.654426574707031
23.7639217376709
35.45753479003906
32.72441101074219
35.94258499145508
73.38014221191406
42.770450592041016
74.31327056884766
44.292266845703125
56.80575180053711
36.40925979614258
42.32878875732422
36.02793502807617
47.346534729003906
42.32878875732422
0
34.47868728637695
35.64257049560547
30.32495880126953
31.179035186767578
37.984256744384766
37.01631164550781
36.399147033691406
31.798564910888672
39.93088150024414
34.00473403930664
32.076744079589844
43.19226837158203
27.659082412719727
31.254390716552734
35.40104293823242
32.7849006652832
33.80509567260742
33.55488204956055
29.358726501464844
38.38920593261719
22.269023895263672
27.300579071044922
30.05679702758789
26.767457962036133
28.610952377319336
30.552244186401367
35.61113357543945
37.91598892211914
34.30952453613281
43.428340911865234
37.0135498046875
41.07307434082031
58.60387420654297
55.13930892944336
85.93419647216797
49.454200744628906
39.00422668457031
41.082427978515625
38.994930267333984
65.9886474609375
32.459388732910156
36.86172103881836
67.27513885498047
40.31808090209961
56.332515716552734
69.57789611816406
47.65116500854492
50.33537292480469
57.817691802978516
60.938560485839844
62.258270263671875
58.90864181518555
110.74080657958984
67.00851440429688
54.0623664855957
55.7061767578125
54.08845901489258
45.9379997253418
54.631534576416016
48.52186584472656
62.85173416137695
63.40167999267578
55.82046127319336
58.94944381713867
56.015907287597656
42.06700897216797
45.01185989379883
39.56894302368164
50.46236038208008
46.99533462524414
31.30358123779297
35.1214599609375
38.93828582763672
38.197242736816406
48.0357551574707
38.34339904785156
43.597354888916016
47.5998649597168
54.13776779174805
64.91015625
42.890567779541016
48.33407974243164
51.7030029296875
61.141719818115234
71.12382507324219
54.403968811035156
55.10009765625
78.98273468017578
74.32815551757812
67.96100616455078
38.668701171875
44.0661735534668
44.2783203125
47.90875244140625
59.6123046875
50.765499114990234
44.79621124267578
55.1401252746582
51.868858337402344
71.49299621582031
54.477264404296875
62.84562301635742
56.79215621948242
62.95677947998047
83.49872589111328
63.687198638916016
64.03128814697266
61.66085433959961
79.02986907958984
80.0082015991211
42.95429229736328
54.80039596557617
54.992427825927734
49.197113037109375
65.1673812866211
56.724979400634766
57.02296829223633
49.357398986816406
61.11537170410156
58.127685546875
129.44752502441406
77.8581771850586
96.05953216552734
151.85025024414062
142.92190551757812
65.32402801513672
57.383975982666016
70.280029296875
66.37823486328125
66.8813705444336
69.32686614990234
80.63583374023438
80.49215698242188
73.02870178222656
83.0438461303711
51.832611083984375
58.89642333984375
80.6911849975586
66.20027923583984
75.22306823730469
36.22691345214844
40.740413665771484
29.536035537719727
43.048431396484375
33.64324951171875
33.71883773803711
33.9954833984375
32.31937026977539
38.0866813659668
38.685096740722656
29.96306610107422
34.920936584472656
35.289772033691406
40.38667678833008
35.70125961303711
40.12902069091797
60.54713439941406
40.7674560546875
61.90646743774414
46.22633743286133
27.39178466796875
26.479869842529297
34.36344909667969
28.15084457397461
27.762287139892578
35.22161102294922
34.81441879272461
34.74837875366211
33.532466888427734
43.88583755493164
46.0029182434082
33.72810745239258
33.09477233886719
48.43960189819336
36.475040435791016
31.96935272216797
39.4301872253418
38.517303466796875
39.582096099853516
47.941959381103516
31.464319229125977
36.13344955444336
31.467201232910156
42.368064880371094
39.27732467651367
45.79275894165039
82.17073059082031
53.19566345214844
42.47895812988281
46.10405349731445
51.51530838012695
45.40347671508789
56.209251403808594
50.157283782958984
65.37310791015625
79.12545776367188
68.58834838867188
72.8343734741211
88.15254211425781
124.52349090576172
35.671329498291016
43.02049255371094
45.80756759643555
52.81401443481445
53.69500732421875
32.68181610107422
34.67240905761719
49.36717987060547
62.185787200927734
59.43193435668945
42.634239196777344
122.58316802978516
90.33454895019531
89.12873840332031
64.07810974121094
37.43458557128906
45.37873840332031
43.24650955200195
43.73321533203125
48.988128662109375
45.39482879638672
56.48265838623047
49.48503112792969
70.47840118408203
58.115325927734375
30.0282039642334
53.33761978149414
56.93021774291992
72.29576110839844
60.7747802734375
33.85794448852539
50.00320816040039
57.95100784301758
66.92459869384766
53.71349334716797
34.69473648071289
30.12302017211914
34.70264434814453
39.50396728515625
34.69473648071289
0
20.700794219970703
29.803117752075195
30.50691032409668
25.179306030273438
33.16825866699219
52.798152923583984
38.268836975097656
46.78313064575195
54.6450309753418
46.743927001953125
24.049158096313477
28.591455459594727
33.318843841552734
32.521507263183594
41.54133224487305
31.12859344482422
37.81586837768555
33.76033020019531
36.841392517089844
45.955833435058594
31.767526626586914
35.69798278808594
43.5220832824707
42.87406921386719
38.43929672241211
15.72729206085205
20.10335350036621
23.31058120727539
22.304969787597656
24.202442169189453
44.336124420166016
58.98177719116211
43.46357727050781
61.29848098754883
73.10137939453125
27.938186645507812
34.52607727050781
39.6416130065918
44.266624450683594
46.82059860229492
75.22281646728516
55.99315643310547
58.51351547241211
114.31452178955078
56.51169967651367
36.465980529785156
55.62925338745117
64.07713317871094
74.5898208618164
63.30742645263672
75.07389068603516
66.61233520507812
67.27090454101562
60.31712341308594
93.01764678955078
79.34603118896484
91.32410430908203
95.31835174560547
83.4862289428711
107.28680419921875
107.07123565673828
121.11788940429688
109.42037200927734
139.72421264648438
100.14268493652344
133.047607421875
86.86775970458984
144.9111785888672
85.21504974365234
104.21884155273438
56.35774612426758
72.6103286743164
68.18507385253906
90.78589630126953
83.45219421386719
219.72984313964844
280.9281005859375
422.23651123046875
410.9943542480469
401.734130859375
134.87486267089844
147.06382751464844
217.62396240234375
218.06668090820312
181.32130432128906
135.77476501464844
126.58399963378906
144.15650939941406
170.86306762695312
140.6209259033203
94.96050262451172
98.47265625
97.41938781738281
119.44066619873047
107.96453094482422
144.1873016357422
148.5413055419922
128.51329040527344
179.6715850830078
148.5132598876953
225.18817138671875
463.91876220703125
479.24920654296875
383.162109375
478.39483642578125
230.52891540527344
448.2458801269531
461.3597717285156
485.89599609375
363.2085266113281
528.3448486328125
655.8773803710938
643.7085571289062
817.9384765625
968.06103515625
507.515869140625
884.4124755859375
616.4830322265625
598.7036743164062
886.4288940429688
673.08544921875
529.6708984375
444.83819580078125
559.130615234375
492.4856262207031
207.46583557128906
248.4715576171875
259.1619567871094
395.1114807128906
358.5330810546875
418.2376708984375
373.2985534667969
444.91754150390625
507.42510986328125
391.7739562988281
470.6598815917969
504.3567199707031
560.8195190429688
399.23590087890625
680.5313720703125
106.87943267822266
67.84382629394531
140.94322204589844
64.78816986083984
101.19923400878906
317.628173828125
180.43569946289062
210.5760498046875
251.9984130859375
213.2847137451172
42.58500671386719
93.94072723388672
103.3409652709961
100.11885833740234
101.28636932373047
43.0555534362793
101.28704833984375
90.59461975097656
109.01431274414062
104.42478942871094
45.34499740600586
87.71404266357422
99.61090087890625
100.80561065673828
95.56515502929688
42.62586212158203
83.32598876953125
99.40644073486328
101.52828979492188
106.97319793701172
44.121334075927734
104.11080932617188
108.68846130371094
115.9739990234375
119.5257339477539
18.52127456665039
33.270286560058594
31.075382232666016
28.532123565673828
31.79320526123047
28.807960510253906
35.396297454833984
34.578914642333984
34.60751724243164
37.47285842895508
59.305816650390625
58.7938117980957
45.23402786254883
68.59502410888672
44.0056037902832
34.46931076049805
35.72671890258789
68.49239349365234
47.22380828857422
40.244014739990234
32.224178314208984
56.34906768798828
43.26329803466797
44.45469284057617
73.71562194824219
27.0692081451416
49.10960388183594
70.450439453125
56.23487854003906
78.46927642822266
14.168831825256348
19.556684494018555
29.538288116455078
18.346168518066406
25.150352478027344
23.70331382751465
54.597537994384766
53.39341354370117
151.04620361328125
113.14240264892578
12.578156471252441
24.225915908813477
23.58771514892578
16.644485473632812
29.675060272216797
33.66816329956055
39.18890380859375
31.084043502807617
61.721126556396484
122.34386444091797
51.45133590698242
84.01937866210938
86.44508361816406
29.460411071777344
87.28030395507812
17.36009407043457
22.16379165649414
37.14636993408203
26.791105270385742
36.58858871459961
110.25984954833984
104.26278686523438
108.0045394897461
106.5002212524414
107.75253295898438
18.685997009277344
24.360445022583008
37.646881103515625
33.686187744140625
31.91816520690918
17.718900680541992
26.69643783569336
49.642303466796875
191.45303344726562
52.71696090698242
41.33363723754883
62.17561721801758
59.93106460571289
43.3087272644043
75.40287780761719
50.34702682495117
71.75833129882812
84.53150177001953
53.42318344116211
105.84137725830078
35.2862548828125
37.869441986083984
61.326900482177734
80.41727447509766
86.1436767578125
41.94255447387695
45.89028549194336
59.11732482910156
61.1159553527832
80.48892974853516
27.49789047241211
29.13980484008789
63.46192932128906
40.878849029541016
62.97761535644531
46.28410339355469
33.76256561279297
44.78972625732422
36.04647445678711
60.4264030456543
59.551788330078125
50.799827575683594
66.49592590332031
66.36143493652344
74.96286010742188
43.01134490966797
76.47848510742188
70.01087188720703
84.29976654052734
78.78007507324219
47.91659927368164
76.67420196533203
50.765380859375
41.74576187133789
58.604488372802734
31.761127471923828
75.94312286376953
34.50627899169922
59.369140625
55.95650863647461
26.157934188842773
30.682214736938477
49.216163635253906
37.62879180908203
35.11381530761719
32.86875534057617
33.60976028442383
38.880104064941406
44.73493576049805
62.553524017333984
31.548534393310547
34.32414627075195
62.88084411621094
44.97672653198242
39.6460075378418
22.079668045043945
26.221054077148438
38.310951232910156
27.45891761779785
30.36713218688965
34.83037567138672
47.180110931396484
72.95856475830078
77.6642837524414
85.28744506835938
28.2680721282959
24.609525680541992
33.681854248046875
36.46957778930664
74.75119018554688
25.93533706665039
30.29199981689453
35.26253890991211
68.071533203125
34.828922271728516
56.11870193481445
39.229549407958984
50.441104888916016
31.037094116210938
64.37932586669922
53.38069534301758
39.979713439941406
42.02299118041992
41.05563735961914
53.36532211303711
35.18711471557617
29.325334548950195
43.24363327026367
38.765411376953125
45.9111213684082
18.95580291748047
23.914945602416992
22.61407470703125
50.9134521484375
36.82744598388672
47.46585464477539
49.984840393066406
37.11997604370117
56.34253692626953
61.30582046508789
54.109535217285156
46.17714309692383
27.618030548095703
27.909252166748047
58.10646057128906
45.02987289428711
67.35307312011719
51.649803161621094
54.64320755004883
59.150936126708984
30.853641510009766
47.16100311279297
82.57124328613281
85.45732116699219
41.58884811401367
31.25480079650879
34.19761657714844
77.05501556396484
32.36317443847656
99.98741912841797
38.9447021484375
57.0864143371582
58.95112991333008
74.44676971435547
50.793758392333984
57.083255767822266
39.526512145996094
41.39558792114258
78.52489471435547
51.67894744873047
96.63370513916016
48.315956115722656
99.70271301269531
73.95813751220703
53.052452087402344
72.20174407958984
55.00396728515625
61.89147186279297
60.255088806152344
57.88080596923828
37.9573860168457
70.27922058105469
83.45466613769531
74.39807891845703
66.56352996826172
44.21120834350586
84.25146484375
94.88632202148438
86.3896255493164
85.0267562866211
42.036808013916016
78.83106994628906
93.19154357910156
85.25759887695312
75.4206771850586
39.26573181152344
73.42921447753906
85.85150146484375
76.68169403076172
69.9426040649414
39.950992584228516
74.60682678222656
85.7987060546875
79.11334228515625
87.85958862304688
41.48237228393555
80.25255584716797
82.6684341430664
92.2947006225586
73.3045654296875
40.83543395996094
76.93550872802734
84.99983978271484
91.36248016357422
75.04486846923828
45.20512008666992
85.9910888671875
88.4008560180664
99.5330810546875
75.5098876953125
45.353763580322266
87.34600067138672
89.6078872680664
97.3287582397461
76.08212280273438
46.0841178894043
86.03050231933594
90.47935485839844
100.87171936035156
77.60839080810547
42.98517990112305
81.42633056640625
82.54671478271484
96.02230072021484
70.68689727783203
45.56089782714844
89.87919616699219
84.60234832763672
100.56076049804688
74.82936096191406
46.26738739013672
88.78197479248047
86.24021911621094
103.6763916015625
76.52812957763672
45.38638687133789
87.91155242919922
84.9387435913086
100.60009002685547
74.49026489257812
46.889278411865234
87.08927154541016
87.03878784179688
98.62006378173828
76.7232437133789
44.417625427246094
87.19065856933594
81.30194854736328
95.74486541748047
71.21382904052734
45.72522735595703
82.69181060791016
90.30754852294922
99.38473510742188
73.00881958007812
47.32743835449219
92.81198120117188
87.72437286376953
98.42857360839844
74.9648208618164
46.736507415771484
84.24198150634766
92.31310272216797
102.26122283935547
75.09308624267578
47.19377899169922
86.66031646728516
86.68763732910156
95.51394653320312
75.53109741210938
46.04792022705078
85.74456024169922
92.59251403808594
98.33203125
73.27122497558594
51.09965896606445
92.08023071289062
100.39254760742188
108.2664794921875
79.7304916381836
52.68894958496094
95.68425750732422
109.91339111328125
103.49852752685547
81.90773010253906
49.04927444458008
93.69477081298828
80.56438446044922
84.78889465332031
100.0979995727539
52.092689514160156
93.56306457519531
114.63116455078125
104.70470428466797
80.19873046875
20.90656852722168
22.44098472595215
42.18492889404297
35.505252838134766
39.28656768798828
32.99142074584961
27.327617645263672
39.00909423828125
33.387508392333984
35.5530891418457
30.838682174682617
29.494468688964844
30.65202522277832
33.781761169433594
28.18692970275879
25.92205238342285
25.097429275512695
35.18609619140625
38.306427001953125
39.178504943847656
22.189895629882812
34.13561248779297
28.667810440063477
40.490211486816406
35.17974853515625
22.66514778137207
27.772964477539062
34.0865478515625
32.265567779541016
25.993675231933594
29.19022560119629
32.72465896606445
31.99425506591797
31.349170684814453
35.54020690917969
45.20542526245117
57.444671630859375
65.45645141601562
78.89337921142578
75.85423278808594
36.524208068847656
44.13557815551758
54.346275329589844
63.02222442626953
51.03359603881836
37.35076904296875
96.66771697998047
120.49092864990234
191.35336303710938
451.7408447265625
41.90652084350586
35.30552673339844
61.59999084472656
43.803131103515625
42.09750747680664
38.10103225708008
49.661563873291016
50.5920524597168
44.42972946166992
66.27421569824219
35.36452102661133
61.3408203125
84.3014144897461
93.58238983154297
63.48947525024414
46.67207717895508
51.733558654785156
66.07769012451172
73.06465148925781
64.48110961914062
55.80401611328125
38.57246017456055
45.153053283691406
46.214569091796875
46.43856430053711
39.76799774169922
41.833717346191406
57.439029693603516
48.497703552246094
58.62561798095703
39.32554244995117
42.96970748901367
37.916404724121094
56.891029357910156
49.735050201416016
95.45403289794922
40.40574645996094
112.12726593017578
45.447471618652344
100.61280059814453
46.15028762817383
43.809837341308594
45.92877960205078
57.061866760253906
60.61241912841797
52.06549835205078
43.811195373535156
46.2105598449707
56.64227294921875
52.9663200378418
109.55596160888672
134.248046875
71.13651275634766
142.42405700683594
109.57539367675781
36.50736999511719
53.45089340209961
56.618831634521484
51.33146667480469
53.346561431884766
29.861114501953125
43.4953727722168
40.643463134765625
44.08335494995117
49.90439224243164
63.092464447021484
63.563812255859375
95.8753890991211
81.20159912109375
85.34871673583984
0
86.28628540039062
110.7130355834961
87.7135009765625
126.01026153564453
87.198974609375
31.20061492919922
67.29586791992188
50.181121826171875
46.00875473022461
44.52133560180664
37.03901672363281
53.026248931884766
60.13178253173828
105.2338638305664
90.58429718017578
28.668596267700195
44.22229766845703
38.48838424682617
43.247623443603516
43.07137680053711
40.37504577636719
64.33749389648438
60.48746109008789
87.95452880859375
63.3758659362793
26.27280044555664
37.686988830566406
39.35230255126953
59.44905471801758
40.54924011230469
61.953243255615234
34.2599983215332
62.839088439941406
83.79308319091797
49.95946502685547
51.08699035644531
53.71171569824219
51.56467056274414
62.10403060913086
55.316490173339844
42.96614456176758
33.58601760864258
54.16201400756836
46.91669845581055
49.40168762207031
0
44.88100814819336
32.76691818237305
54.76609420776367
44.92447280883789
93.70844268798828
45.82109069824219
32.913780212402344
50.2288703918457
48.368408203125
56.884033203125
23.94146156311035
36.29111862182617
38.089786529541016
60.95512390136719
40.60774230957031
27.894651412963867
43.054691314697266
42.761009216308594
40.74504852294922
0
123.42594909667969
0
26.45939064025879
40.84750747680664
39.484317779541016
42.46800231933594
66.78585815429688
32.03954315185547
50.14109420776367
39.43611145019531
51.0384521484375
48.08831787109375
0
25.913766860961914
43.56570816040039
41.78169631958008
43.874202728271484
40.93080139160156
35.164283752441406
63.80887985229492
52.346099853515625
91.1478271484375
111.59701538085938
41.51517105102539
56.629390716552734
118.25782775878906
85.86054992675781
60.68315505981445
54.6796989440918
78.12825012207031
136.8922576904297
98.36547088623047
156.25479125976562
74.63101959228516
45.414825439453125
102.48592376708984
67.33881378173828
69.22386932373047
62.269195556640625
93.7374496459961
93.15480041503906
184.04782104492188
86.30459594726562
58.34100341796875
50.15766525268555
52.83220291137695
73.39694213867188
54.538082122802734
37.23944091796875
66.94489288330078
31.929529190063477
38.357078552246094
62.94002914428711
62.35708999633789
73.39498138427734
70.87432098388672
85.15582275390625
100.67816162109375
38.63123321533203
57.58937454223633
58.61516189575195
63.749210357666016
66.96340942382812
26.45361328125
34.007659912109375
35.53722381591797
40.932167053222656
33.39973831176758
22.28580093383789
25.172330856323242
21.864866256713867
17.89666175842285
27.43781852722168
23.591218948364258
24.352088928222656
24.369443893432617
19.262962341308594
30.42119026184082
23.355575561523438
30.82151222229004
29.531282424926758
28.607200622558594
24.61550521850586
18.74115753173828
25.68910026550293
18.466093063354492
20.340694427490234
20.6628475189209
26.23523712158203
22.933334350585938
27.065011978149414
26.23523712158203
0
25.778322219848633
26.08765411376953
45.53574752807617
34.93268585205078
30.60602569580078
35.10035705566406
29.195131301879883
47.75217056274414
60.274200439453125
54.811553955078125
35.21383285522461
28.73889923095703
23.06814193725586
28.73889923095703
0
26.472965240478516
33.52338409423828
32.62337112426758
26.980060577392578
31.33690071105957
27.64453887939453
29.89175796508789
30.083566665649414
34.65643310546875
40.70112228393555
48.94672775268555
62.124820709228516
25.521087646484375
21.039854049682617
23.462453842163086
19.238325119018555
19.6023006439209
24.755956649780273
17.899248123168945
21.738649368286133
22.597139358520508
25.10531234741211
16.53822898864746
23.11239242553711
23.11239242553711
0
21.327444076538086
23.569934844970703
0
20.9434814453125
22.030885696411133
21.24559783935547
20.700389862060547
20.462892532348633
18.232858657836914
28.572498321533203
28.572498321533203
0
24.281076431274414
33.60327911376953
19.607765197753906
17.93377113342285
24.779661178588867
24.771957397460938
29.192201614379883
24.530717849731445
43.10490798950195
45.03823471069336
56.995296478271484
114.73091125488281
26.669357299804688
26.34303092956543
40.773929595947266
36.48680877685547
38.9162712097168
28.681011199951172
34.31538391113281
55.39499282836914
28.989662170410156
44.39643859863281
30.763580322265625
52.373897552490234
58.804073333740234
52.56389236450195
53.31660461425781
20.004383087158203
25.233417510986328
27.495826721191406
22.35578155517578
33.99726867675781
19.753557205200195
22.07584571838379
22.92180061340332
24.748119354248047
25.619422912597656
18.508852005004883
26.324302673339844
26.392072677612305
26.14117431640625
28.13995933532715
22.396604537963867
27.3095760345459
28.1373233795166
27.751625061035156
29.502851486206055
63.895259857177734
23.012989044189453
35.41383743286133
31.20997428894043
64.21150207519531
21.7583065032959
22.426544189453125
30.31112289428711
21.7583065032959
0
20.916379928588867
20.03445816040039
29.1800594329834
35.283233642578125
25.254898071289062
26.863990783691406
46.24898147583008
45.58879089355469
39.21126937866211
44.82801818847656
39.158203125
28.69668197631836
27.548707962036133
31.778844833374023
26.755008697509766
26.843412399291992
54.186065673828125
26.98580551147461
39.5517578125
34.46122360229492
34.58534622192383
20.953779220581055
22.91209602355957
25.423152923583984
23.180850982666016
22.91209602355957
0
30.904630661010742
40.125022888183594
38.962581634521484
60.282161712646484
54.54973602294922
39.741764068603516
41.52942657470703
43.5096435546875
44.29119110107422
63.23881530761719
45.70784378051758
52.541114807128906
46.12629699707031
63.09210205078125
33.97810363769531
25.901065826416016
42.60921859741211
41.08429718017578
45.90874481201172
44.25830841064453
20.569496154785156
20.45893096923828
23.236061096191406
26.587432861328125
30.6210994720459
17.374034881591797
25.363689422607422
32.863895416259766
28.264951705932617
40.3597412109375
19.177682876586914
22.2685604095459
33.70861053466797
34.216243743896484
47.29601287841797
17.22273826599121
21.857995986938477
26.811573028564453
43.44898986816406
32.07649230957031
33.58708190917969
31.18954849243164
32.50904083251953
38.32869338989258
45.53628921508789
26.484024047851562
27.99800682067871
25.22064781188965
29.159250259399414
29.334915161132812
30.24835968017578
74.07086181640625
53.563167572021484
48.31586456298828
48.1920280456543
27.374164581298828
30.038185119628906
28.933372497558594
38.03923797607422
28.941404342651367
36.62953567504883
39.30509948730469
56.29648208618164
48.24141311645508
52.60130310058594
61.809837341308594
48.6306266784668
57.9635009765625
67.75023651123047
66.16401672363281
24.923717498779297
30.81130599975586
34.910057067871094
29.123857498168945
32.40201187133789
22.494455337524414
27.557628631591797
28.822311401367188
27.224288940429688
26.45829963684082
26.776737213134766
28.987838745117188
25.046100616455078
33.48841857910156
26.54356575012207
21.889219284057617
24.577451705932617
27.589618682861328
27.551755905151367
25.458206176757812
28.87837791442871
35.09743881225586
40.70085144042969
38.19788360595703
34.18567657470703
19.1837158203125
21.06243896484375
23.709383010864258
24.31890106201172
29.448753356933594
19.59268569946289
25.001134872436523
23.148414611816406
24.77168083190918
22.735023498535156
26.188684463500977
25.92359733581543
36.29380798339844
32.00617980957031
32.95672607421875
25.304845809936523
26.84823226928711
31.824010848999023
30.790958404541016
29.23534393310547
28.176380157470703
25.9195499420166
38.48662567138672
29.100170135498047
31.630922317504883
26.396886825561523
43.23600387573242
57.4073486328125
57.86979675292969
52.335365295410156
57.0505485534668
59.311614990234375
60.38460922241211
61.80830383300781
60.53965759277344
68.27369689941406
52.521827697753906
45.66031265258789
88.10858917236328
69.05121612548828
37.56270217895508
50.433563232421875
45.268062591552734
46.15007019042969
46.88201141357422
44.168601989746094
54.20637893676758
53.48551559448242
68.67317962646484
72.8150634765625
62.83858108520508
26.646297454833984
77.97350311279297
26.89518165588379
38.74882507324219
72.25416564941406
30.735925674438477
86.50331115722656
32.166893005371094
41.855464935302734
44.403045654296875
45.34307098388672
48.49306869506836
59.97846221923828
60.18714904785156
73.41216278076172
32.20689010620117
37.126686096191406
89.83489227294922
35.35600662231445
46.55708312988281
56.24571228027344
37.917625427246094
57.90195083618164
41.447444915771484
44.35183334350586
50.06509780883789
63.849056243896484
55.88875198364258
83.07925415039062
39.93380355834961
46.374324798583984
66.3034896850586
66.10479736328125
69.5054702758789
30.23375129699707
35.91822814941406
42.381229400634766
48.330448150634766
58.22541809082031
34.0562858581543
47.6048469543457
45.558834075927734
60.133419036865234
72.0724105834961
38.259429931640625
52.00341796875
70.9933090209961
49.01658630371094
67.44254302978516
38.573150634765625
42.63628005981445
50.33584213256836
90.74901580810547
98.24518585205078
36.02784729003906
42.39284133911133
42.53486251831055
52.072078704833984
37.88960266113281
51.284969329833984
57.45524597167969
59.03754806518555
67.79004669189453
62.35869216918945
36.20208740234375
42.2817268371582
43.30628967285156
51.60819625854492
38.61038589477539
37.23445129394531
33.887325286865234
49.01125717163086
39.04191970825195
32.20735549926758
19.48147201538086
20.46680450439453
26.172500610351562
22.727418899536133
23.435518264770508
21.849430084228516
25.209196090698242
25.945777893066406
25.514820098876953
26.140071868896484
21.848602294921875
27.227846145629883
25.39430046081543
40.578582763671875
34.14186096191406
20.43402099609375
27.41864585876465
29.04603385925293
30.090810775756836
31.025794982910156
31.117292404174805
21.96535873413086
26.653369903564453
36.13963317871094
31.117292404174805
0
25.26076316833496
29.78734016418457
35.39616394042969
35.96289825439453
37.9422492980957
26.557802200317383
29.343233108520508
31.9093017578125
35.92740249633789
35.1057243347168
28.253767013549805
45.6988525390625
49.33351516723633
65.69352722167969
53.23126220703125
25.070098876953125
38.42918014526367
57.137939453125
49.64249038696289
64.90750122070312
84.02362060546875
80.02896118164062
76.50565338134766
79.83123016357422
84.80696868896484
22.918325424194336
25.345928192138672
27.21851921081543
30.013530731201172
23.997682571411133
27.334882736206055
35.79767608642578
28.938430786132812
31.336706161499023
26.55124282836914
44.377071380615234
99.59437561035156
38.80757141113281
40.23643493652344
50.78398513793945
72.47224426269531
73.2519760131836
79.81425476074219
70.41665649414062
82.09674835205078
43.20298767089844
36.9085693359375
47.00032043457031
46.23688888549805
39.03868865966797
24.567983627319336
30.65213394165039
36.122589111328125
36.09403991699219
37.63565444946289
40.91965866088867
37.79789352416992
114.7837142944336
50.1338996887207
41.02562713623047
45.933555603027344
38.12211227416992
58.115657806396484
51.17894744873047
62.132110595703125
28.256671905517578
38.32527542114258
40.31985855102539
38.321327209472656
72.29976654052734
30.559099197387695
36.95170211791992
35.32488250732422
60.672218322753906
43.081932067871094
22.763547897338867
32.979122161865234
30.65239143371582
34.10259246826172
33.01335525512695
30.463890075683594
45.07310485839844
36.29896545410156
42.6977653503418
75.55879974365234
36.909027099609375
48.256160736083984
55.5618896484375
58.00135040283203
55.777652740478516
39.6083869934082
67.14514923095703
51.07115936279297
62.418548583984375
88.7384262084961
41.88833999633789
51.23601150512695
44.28993225097656
41.52745819091797
47.959632873535156
23.675796508789062
33.44169616699219
25.66299819946289
34.461849212646484
32.07244873046875
29.645952224731445
24.70163917541504
21.6442928314209
23.814355850219727
29.645952224731445
0
22.166576385498047
23.85618019104004
32.68935775756836
35.52242660522461
31.631261825561523
24.04547119140625
35.46986389160156
38.11397171020508
30.127235412597656
32.31206512451172
22.993623733520508
35.50944519042969
30.477758407592773
30.465553283691406
40.764617919921875
33.00625228881836
26.729965209960938
33.20907974243164
35.15497970581055
54.82221984863281
28.68006706237793
24.54535484313965
27.54670524597168
30.334280014038086
30.608749389648438
40.39356994628906
37.42259216308594
37.076663970947266
35.76802062988281
37.58999252319336
31.88494300842285
29.160795211791992
35.82979202270508
38.772438049316406
28.877378463745117
54.33903503417969
41.412113189697266
43.275325775146484
52.10610580444336
44.49082946777344
20.935258865356445
24.18916893005371
22.652652740478516
28.497730255126953
29.958045959472656
25.742626190185547
35.05547332763672
26.012311935424805
29.083993911743164
34.75193405151367
41.142845153808594
34.66468811035156
43.77395248413086
43.77591323852539
43.918880462646484
42.53241729736328
38.776432037353516
37.310848236083984
53.44287872314453
40.70522689819336
43.04087829589844
41.80219268798828
42.521507263183594
47.705604553222656
55.86575698852539
29.138713836669922
36.32650375366211
33.076290130615234
23.419889450073242
35.55878448486328
29.962230682373047
35.64363098144531
30.451255798339844
24.050064086914062
50.098793029785156
46.16144561767578
nan
46.16144561767578
nan
46.16144561767578
275.6533203125
46.16144561767578
nan
46.16144561767578
nan
28.151052474975586
33.00907516479492
31.0263729095459
32.96100997924805
21.98006248474121
36.11581039428711
40.62267303466797
39.671852111816406
27.603836059570312
40.4841423034668
28.878267288208008
0
40.77003860473633
36.96567916870117
34.057430267333984
34.86444854736328
27.608884811401367
36.75067901611328
71.59410858154297
41.829620361328125
37.99049377441406
30.434358596801758
28.69913101196289
33.37616729736328
35.73160171508789
35.74612045288086
30.44793701171875
35.76220703125
71.19987487792969
64.03076934814453
30.017480850219727
35.740264892578125
39.69495391845703
42.87879180908203
63.92332458496094
46.40403366088867
33.70442581176758
33.76812744140625
30.892189025878906
31.81177520751953
32.64863586425781
37.116092681884766
43.04528045654297
37.945613861083984
53.221641540527344
46.331092834472656
28.87481117248535
29.156171798706055
33.44732666015625
40.84840393066406
44.634666442871094
26.10056495666504
31.20568084716797
27.791696548461914
28.64738655090332
30.377225875854492
26.08767318725586
25.911678314208984
31.311359405517578
29.95730972290039
33.403194427490234
43.82179641723633
50.462120056152344
49.628963470458984
71.37945556640625
57.98141098022461
47.33570098876953
52.03571319580078
61.44322204589844
56.26652908325195
71.34842681884766
45.96061325073242
39.437652587890625
73.95426177978516
56.572147369384766
47.698768615722656
56.1375732421875
88.52659606933594
63.182151794433594
75.10440063476562
68.76885986328125
51.413639068603516
78.26785278320312
63.16461944580078
57.82877731323242
51.30681228637695
22.297542572021484
36.27738952636719
29.445980072021484
35.16222381591797
31.964527130126953
17.043163299560547
33.511295318603516
29.563322067260742
86.20917510986328
33.53504943847656
31.792333602905273
23.035287857055664
25.963790893554688
29.58728790283203
34.85622787475586
50.44465255737305
35.945499420166016
41.3465461730957
51.886505126953125
41.02987289428711
34.18085861206055
48.18760299682617
45.344757080078125
55.55344009399414
53.49117660522461
32.60866165161133
34.58010482788086
43.87029266357422
39.21257781982422
37.616512298583984
42.29827117919922
45.787357330322266
46.75611114501953
38.057861328125
65.80137634277344
35.93128967285156
60.5103645324707
50.43471908569336
63.75492858886719
72.02338409423828
42.96807098388672
47.08420181274414
70.49130249023438
44.10380172729492
40.62955093383789
35.38231658935547
28.87335968017578
42.68653869628906
44.08719253540039
39.78538131713867
24.864927291870117
28.33871841430664
29.065221786499023
33.349830627441406
35.44597244262695
27.90073013305664
27.440677642822266
36.21903610229492
37.6494140625
54.25202941894531
44.31877136230469
47.67359924316406
29.113534927368164
31.586021423339844
60.636470794677734
30.49713706970215
55.08013153076172
57.824256896972656
39.758358001708984
47.43525314331055
35.35993576049805
46.93046951293945
42.59064483642578
38.699642181396484
102.7747573852539
45.20833206176758
41.70701217651367
42.756614685058594
45.50888442993164
43.02322006225586
29.176191329956055
32.53694152832031
37.995052337646484
35.04302978515625
36.17155456542969
36.60121536254883
45.77814483642578
47.636024475097656
53.6989631652832
68.53728485107422
32.33685302734375
50.64814758300781
43.4140510559082
38.46818542480469
38.40726089477539
35.284481048583984
44.569618225097656
39.62429428100586
55.705753326416016
36.89155578613281
33.19526672363281
35.52065658569336
40.212154388427734
41.342918395996094
42.701683044433594
49.307926177978516
44.82940673828125
53.30319595336914
54.53441619873047
54.4208984375
42.80973815917969
53.9197883605957
54.17369079589844
61.84114456176758
64.33528900146484
32.429439544677734
31.965267181396484
37.370079040527344
48.5534553527832
50.33559036254883
36.35956954956055
42.763423919677734
58.79896926879883
48.11406326293945
42.89339065551758
51.687400817871094
54.94293975830078
63.65176773071289
76.14044952392578
54.64810562133789
102.04792022705078
83.60406494140625
64.63675689697266
72.40209197998047
96.31656646728516
63.94076156616211
73.37944030761719
91.76428985595703
167.8712921142578
124.08415985107422
49.594993591308594
47.044612884521484
61.00449752807617
58.77116394042969
52.38994598388672
44.927040100097656
63.726051330566406
47.43939208984375
48.67427444458008
55.8155632019043
109.96204376220703
154.2721405029297
122.46637725830078
199.21392822265625
152.369873046875
88.98248291015625
114.91887664794922
90.43014526367188
112.34074401855469
94.65896606445312
86.82377624511719
95.33053588867188
90.48543548583984
90.90129089355469
86.20646667480469
121.9300765991211
91.10411071777344
84.27151489257812
82.5306625366211
94.84881591796875
88.7583999633789
66.00765228271484
102.14723205566406
126.42993927001953
92.83782958984375
42.805809020996094
71.77715301513672
65.47761535644531
72.41189575195312
66.1485595703125
56.808135986328125
72.81291198730469
68.44975280761719
63.38874053955078
75.51485443115234
60.00151824951172
80.36329650878906
70.3123779296875
66.8863754272461
84.16983032226562
96.3727035522461
129.63999938964844
175.04930114746094
141.5015411376953
108.6659164428711
132.89854431152344
110.5450210571289
111.03728485107422
102.373046875
104.64046478271484
34.477684020996094
46.46700668334961
41.961029052734375
38.788330078125
40.95395278930664
32.26111602783203
27.811429977416992
33.413970947265625
32.95656967163086
31.096452713012695
27.4829158782959
36.982940673828125
33.7005615234375
33.50332260131836
45.4044075012207
24.812122344970703
27.6488037109375
27.16106414794922
37.208316802978516
36.63288879394531
26.106483459472656
29.09995460510254
32.49921417236328
49.948055267333984
30.22109603881836
48.938419342041016
47.32601547241211
49.166236877441406
44.93853759765625
49.0538215637207
30.136625289916992
36.96602249145508
36.65995788574219
40.09074020385742
37.95537567138672
37.75112533569336
45.26865768432617
50.61245346069336
55.57593536376953
72.93721008300781
30.937105178833008
39.18294143676758
35.62870407104492
37.79256820678711
54.968780517578125
33.23392105102539
44.786170959472656
53.004432678222656
41.538795471191406
40.76652908325195
47.73548126220703
42.752403259277344
51.8015022277832
51.572784423828125
51.58857727050781
31.094375610351562
38.22416305541992
36.72201156616211
37.98063278198242
39.290748596191406
39.886714935302734
48.767704010009766
52.18431854248047
56.90375518798828
61.43721389770508
31.858901977539062
36.89418411254883
35.00517654418945
58.771610260009766
42.64460754394531
30.06045150756836
32.302608489990234
30.044343948364258
44.459228515625
42.43191146850586
44.500919342041016
47.668312072753906
48.289581298828125
45.92995071411133
45.36048889160156
37.39403533935547
33.128299713134766
37.926692962646484
35.83588409423828
38.714141845703125
31.194194793701172
35.21098709106445
41.050987243652344
55.75624465942383
35.98080825805664
32.54182052612305
44.6510124206543
40.74327850341797
51.65411376953125
39.72191619873047
36.06239318847656
44.281803131103516
38.32511901855469
39.315250396728516
54.86199188232422
49.51389694213867
56.78787612915039
89.05931854248047
66.69490814208984
58.01747512817383
50.492408752441406
71.15666198730469
67.26496887207031
78.77654266357422
97.39124298095703
62.18510437011719
63.37864685058594
70.9810562133789
71.305908203125
79.78681945800781
49.0031852722168
60.69441223144531
91.55087280273438
67.37481689453125
66.63092041015625
56.88869857788086
59.66593933105469
62.27947235107422
57.436893463134766
79.7415542602539
19.166913986206055
29.250368118286133
24.655391693115234
27.311262130737305
24.498098373413086
42.606964111328125
50.4676513671875
58.354469299316406
54.55441665649414
55.1626091003418
39.05489730834961
37.2855339050293
77.36471557617188
38.920928955078125
55.907676696777344
41.29916000366211
49.86254119873047
60.38112258911133
56.441627502441406
64.81909942626953
43.90553283691406
53.862098693847656
45.25218200683594
67.50560760498047
56.664424896240234
30.084749221801758
47.87186050415039
40.77656173706055
55.64615249633789
48.01371383666992
85.89768981933594
125.92298126220703
124.60902404785156
159.42601013183594
141.92440795898438
53.100791931152344
92.87316131591797
97.99982452392578
158.55841064453125
153.513671875
66.38117980957031
84.03203582763672
154.9143524169922
137.8516387939453
120.23506927490234
113.63810729980469
140.2934112548828
133.77523803710938
154.97183227539062
112.74349975585938
32.36640930175781
69.97636413574219
46.44283676147461
64.415771484375
65.24119567871094
53.43755340576172
72.0644760131836
85.56546020507812
73.64212799072266
77.44344329833984
56.099735260009766
75.26472473144531
78.88995361328125
84.79540252685547
97.2978515625
70.83080291748047
64.09014892578125
68.75587463378906
62.88273239135742
86.42781829833984
63.81411361694336
97.256103515625
67.97085571289062
114.80123138427734
95.15613555908203
43.56375503540039
65.30431365966797
66.39415740966797
48.41084289550781
61.79893493652344
49.70930099487305
39.9140625
44.00846862792969
65.0361328125
52.9754638671875
43.040260314941406
44.9901123046875
57.80377197265625
58.3455924987793
56.856346130371094
49.73849868774414
79.00635528564453
71.30934143066406
62.28131103515625
76.23515319824219
54.67839431762695
85.17823791503906
71.90081787109375
76.61141204833984
73.22976684570312
33.41627883911133
42.61609649658203
43.74619674682617
53.21782302856445
42.39873123168945
51.0495719909668
55.90138244628906
62.47411346435547
70.53582000732422
64.05037689208984
57.67770004272461
74.34786224365234
75.35651397705078
70.77063751220703
95.37918853759766
55.47688293457031
53.909122467041016
52.17407989501953
62.928924560546875
47.79801559448242
54.7781867980957
102.42671203613281
89.07978820800781
80.08122253417969
89.14289093017578
0
77.61479187011719
51.34465026855469
82.94039916992188
68.12147521972656
57.71830749511719
85.42407989501953
55.593162536621094
65.36372375488281
71.46139526367188
65.21858215332031
96.64061737060547
54.73009490966797
62.295806884765625
73.2844009399414
61.9114875793457
36.936649322509766
57.92387771606445
58.44580841064453
57.205711364746094
62.48323059082031
56.841461181640625
61.831417083740234
59.642330169677734
58.027435302734375
59.77078628540039
32.205047607421875
31.754592895507812
35.004417419433594
38.44732666015625
26.069822311401367
47.0462532043457
42.00925827026367
41.12696838378906
46.645870208740234
54.0605354309082
32.07474899291992
34.0628662109375
40.58771514892578
52.82334899902344
50.527984619140625
37.5622444152832
33.689849853515625
33.18671417236328
37.866455078125
44.321529388427734
39.74348831176758
37.85838317871094
44.308109283447266
54.66207504272461
49.71922302246094
24.386625289916992
39.9805793762207
41.677391052246094
36.605552673339844
29.776966094970703
34.864681243896484
38.152774810791016
35.762718200683594
35.54710388183594
45.99058151245117
48.98573303222656
57.60530090332031
37.5036506652832
53.10940170288086
53.26400375366211
43.166221618652344
53.934471130371094
48.84474563598633
63.188720703125
52.666996002197266
87.73453521728516
72.34942626953125
106.74639892578125
89.5074462890625
78.53575897216797
37.094905853271484
46.898780822753906
53.351890563964844
44.923667907714844
52.496002197265625
47.40142822265625
64.53450775146484
50.496490478515625
66.86296844482422
64.6538314819336
39.51084518432617
33.37723159790039
43.02241134643555
44.14020919799805
46.00587844848633
59.0247688293457
60.90916061401367
106.63874816894531
74.39885711669922
101.12301635742188
49.42671203613281
52.682945251464844
59.773582458496094
43.36863708496094
60.690101623535156
38.254249572753906
34.43124008178711
42.44754409790039
38.44450378417969
56.6671257019043
42.20022964477539
62.276084899902344
55.87020492553711
67.766845703125
54.52019500732422
41.632469177246094
46.310672760009766
49.31621551513672
42.8419303894043
49.213138580322266
45.577247619628906
60.46917724609375
62.183326721191406
55.221351623535156
116.15513610839844
39.24312210083008
40.24372863769531
50.476219177246094
72.93926239013672
51.65399169921875
